// 
// Decompiled by Procyon v0.5.30
// 

package a.a.a.a;

public class cb
{
    public static final int G = 13;
    public static final int ab = 2;
    public static final int T = 1;
    public static final int U = 8192;
    public static final int e = 2446;
    public static final int do = 3196;
    public static final int n = 4433;
    public static final int else = 6270;
    public static final int aa = 7373;
    public static final int R = 9633;
    public static final int char = 12299;
    public static final int Z = 15137;
    public static final int m = 16069;
    public static final int b = 16819;
    public static final int X = 20995;
    public static final int u = 25172;
    public static final int ak = 4096;
    public static final int t = 10;
    public static final int O = 8;
    public static final int aj = 4;
    public static final int new = 4;
    public static final int d = 4;
    public static final int i = 12288;
    public static final int goto = 100;
    public static final int al = 32696;
    public static final int if = 32696;
    public static final int B = -200;
    public static final int H = -201;
    public static final int void = -202;
    public static final int r = -203;
    public static final int y = -204;
    public static final int N = -205;
    public static final int V = -206;
    public static final int x = -207;
    public static final int M = -208;
    public static final int A = -209;
    public static final int try = -210;
    public static final int v = -211;
    public static final int J = -212;
    public static final int P = -213;
    public static final int W = -214;
    public static final int int = -215;
    public static final int c = -216;
    public static final int I = -217;
    public static final int for = -218;
    public static final int a = -219;
    public static final int L = -221;
    public static final int z = -222;
    public static final int S = -223;
    public static final int af = -224;
    public static final int p = -225;
    public static final int case = -226;
    public static final int long = -227;
    public static final int h = -228;
    public static final int C = -229;
    public static final int ah = -230;
    public static final int g = -231;
    public static final int f = -232;
    public static final int s = -233;
    public static final int am = -234;
    public static final int l = 0;
    public static final int ai = 1;
    public static final int ae = 2;
    public static final int ag = 3;
    public static final int ad = 4;
    public static final int j = -1;
    public static final int w = 1;
    public static final int ac = 0;
    public static final int K = 0;
    public static final int Q = 1;
    public static final int q = 2;
    public static final int k = 3;
    public static final int Y = 16;
    public static final int[] E;
    public static final int[] byte;
    public static final int[] D;
    public static final short[] F;
    public static final int[] o;
    
    static {
        E = new int[] { 0, 1, 2, 4, 8, 16, 32, 64, 128, 256, 512, 1024, 2048, 4096, 8192, 16384 };
        byte = new int[] { 0, -1, -3, -7, -15, -31, -63, -127, -255, -511, -1023, -2047, -4095, -8191, -16383, -32767 };
        D = new int[] { 0, 1, 2, 4, 8, 16, 32, 64, 128, 256, 512, 1024, 2048, 4096, 8192, 16384, 32768, 65536 };
        F = new short[] { 16384, 22725, 21407, 19266, 16384, 12873, 8867, 4520, 22725, 31521, 29692, 26722, 22725, 17855, 12299, 6270, 21407, 29692, 27969, 25172, 21407, 16819, 11585, 5906, 19266, 26722, 25172, 22654, 19266, 15137, 10426, 5315, 16384, 22725, 21407, 19266, 16384, 12873, 8867, 4520, 12873, 17855, 16819, 15137, 12873, 10114, 6967, 3552, 8867, 12299, 11585, 10426, 8867, 6967, 4799, 2446, 4520, 6270, 5906, 5315, 4520, 3552, 2446, 1247 };
        o = new int[] { 0, 1, 8, 16, 9, 2, 3, 10, 17, 24, 32, 25, 18, 11, 4, 5, 12, 19, 26, 33, 40, 48, 41, 34, 27, 20, 13, 6, 7, 14, 21, 28, 35, 42, 49, 56, 57, 50, 43, 36, 29, 22, 15, 23, 30, 37, 44, 51, 58, 59, 52, 45, 38, 31, 39, 46, 53, 60, 61, 54, 47, 55, 62, 63 };
    }
}
